0.000000	0.000000	0.000000	0.000000	0.000000	0.000000	0.000000	0.000000	0.000000	0.000000	0.000000	0.000000	0.000000	0.000000	0.000000	0.000000	0.000000	0.000000	0.000000	0.000000	0.000000	0.000000	0.000000	
-1.218234	0.083394	-0.625947	0.648776	0.295475	0.009782	-0.273734	0.791153	0.619985	0.447815	-0.710598	0.651705	0.352767	-0.038794	-0.451946	-1.021265	-0.857619	-0.299159	-0.719975	-0.668608	0.991279	-0.079552	-0.717925	
-1.264841	-1.074767	-0.331676	-0.019676	0.074818	0.124438	0.131906	-0.754337	0.234822	-0.193402	-0.393416	-0.985233	0.115332	0.466652	0.505913	-0.058347	-0.492637	0.657278	0.360772	0.821464	0.763445	-0.006874	-0.798465	
-0.422848	-0.616189	0.657945	-0.590738	0.643282	0.699749	0.984562	0.965318	0.164531	-0.293236	-0.559296	-0.504846	0.578447	-1.052383	-0.342607	-0.900767	0.278860	-0.951067	-1.032721	0.801258	-0.470085	-0.461355	0.183437	
-0.316120	0.490912	0.268711	-0.202107	-0.752457	0.315209	-0.238324	-0.262737	0.716365	0.304288	-0.969868	0.010610	-0.417387	0.282362	0.030946	-0.041146	-0.461969	-0.880022	-0.731257	-0.329390	0.427900	-0.141781	0.805867	
-0.107599	-0.400658	-0.782901	0.167580	-0.249156	-1.045589	0.245167	-0.122695	-0.815629	0.806120	-0.797635	0.736469	0.314383	-0.466845	-0.224526	-0.944070	0.839322	0.261970	-0.809463	0.626350	0.502529	0.010359	-0.784009	
-0.992329	0.480574	-0.180671	-0.772799	0.004842	0.400435	-0.271270	-0.545746	0.010569	0.219702	0.354365	0.279147	-0.216815	-0.920211	-0.426344	0.514156	-1.076361	-0.102451	0.200595	-0.261109	-0.891913	0.809944	0.766657	
-0.467228	-0.422911	-0.188644	-0.396543	0.496591	-0.528600	-0.239390	-0.594951	0.839850	-0.520223	0.369777	0.030180	-0.710828	0.419167	0.572971	-0.314462	-0.112918	0.659857	-1.071875	0.855706	0.004622	-1.046683	-0.092236	
-0.949676	0.611659	0.181678	0.312928	-0.542989	0.691349	-0.765288	-0.811748	0.436559	-0.435712	0.808704	-0.506516	-0.407490	-0.797871	0.392034	0.601346	0.355845	0.149168	0.452742	-0.526111	-0.732182	-1.007342	-0.878021	
0.027579	0.606473	-0.618704	-1.022476	-0.223540	-1.214812	-0.989929	-0.287785	0.323147	0.200427	-0.081434	-1.022255	-0.302781	-0.782212	0.193595	-0.633013	-0.356679	-0.782425	-0.109179	-0.217406	-0.042553	-0.996345	-0.324548	
0.365703	0.199100	0.722783	-0.724045	-0.284966	-0.707852	0.892735	-0.223063	0.818131	-1.015499	0.016836	-1.058175	-0.376462	0.613319	-1.144846	0.560106	-0.633000	-0.739690	0.364499	-0.330203	-0.724842	0.150687	0.126327	
-0.696652	-0.147957	0.072248	0.098525	0.408657	0.448776	0.069971	0.297087	0.021014	-0.332318	-0.694270	0.424788	0.063955	0.762668	-0.567754	-0.685347	0.133587	0.306345	0.062158	-0.421981	-0.153898	-1.000709	0.301181	
-0.443856	0.093296	0.217121	0.430378	-0.932598	-0.044305	0.548900	0.648902	0.067585	0.303688	-1.058096	0.195208	0.814255	-0.509470	-0.003576	-0.534224	-0.803009	-0.939547	0.575048	0.532607	0.311736	-0.874337	-0.537524	
-1.174601	-0.874642	0.231956	0.573751	-0.047072	-0.192956	-0.257687	-0.460398	-0.108816	-0.022692	-0.709171	-0.361966	0.470664	-0.377984	0.644675	0.904514	0.726584	0.422309	-0.436118	0.842674	-0.800349	-0.933066	0.495560	
-0.471524	0.106781	0.785837	-0.989317	0.581822	0.163951	-0.490508	-0.915174	-0.105173	-0.653449	-0.521646	0.740949	0.004624	0.227609	-0.870494	-0.117072	-0.347244	-0.115825	0.472909	-0.099942	-0.358582	0.248053	-0.068964	
-0.427418	-0.242108	-1.107612	0.265188	-1.151591	0.034973	0.557633	-0.133740	0.429777	-0.028707	-0.232314	0.595909	0.137628	-0.256110	0.931444	0.266215	-0.662271	-0.290228	-0.801200	0.394679	0.783034	0.074420	-1.123270	
-0.654655	-0.965804	0.195950	-0.816222	0.610681	0.649654	0.118704	0.371315	0.638412	-1.038285	-0.813287	0.350639	0.169873	-0.628754	-0.931631	-0.725476	0.184998	-0.381223	-0.424428	-0.328221	0.258493	0.541082	0.549825	
-0.393734	0.132524	0.509858	0.634385	-0.948866	0.083037	-0.352441	-0.629537	-0.845578	0.605485	-0.963949	-0.236947	0.053540	-0.492795	-0.008370	-0.662710	-0.502188	-0.915894	0.465842	-0.894390	-0.609110	0.384791	0.585359	
0.203495	0.430974	0.201219	-0.251303	0.848273	-0.493342	0.749428	-0.549954	-0.539547	0.022373	0.890947	-0.980010	-0.927104	-0.037402	-0.225460	-0.878509	-0.536337	0.745059	-0.555147	-0.709286	-0.733334	0.898875	-0.785043	
-1.221149	-0.977844	-0.421967	0.738328	-0.289593	-0.224497	0.801983	0.583132	-0.023862	0.590949	0.293170	-0.298875	-0.575997	-1.085496	-0.042629	0.816302	-0.295290	-0.609771	0.079931	-0.580094	0.278511	0.801916	-0.216774	
0.114030	-1.060898	0.746437	0.039955	0.281985	-0.046046	-0.884821	-0.690186	-0.334793	-1.064544	-0.217552	-0.877054	0.283229	0.672683	-0.913359	0.569833	0.259800	0.304466	0.511156	-0.050788	0.242652	-0.861040	0.214296	
-0.100078	0.356399	-1.094106	0.648132	0.332966	0.354908	-0.919253	-0.023436	0.732264	-1.075018	-0.662693	-0.933536	0.736240	0.015783	-0.631242	0.641862	-0.452210	0.220002	-0.711908	-0.816284	-0.625264	-0.041364	0.742493	
-0.933697	0.769311	-0.144920	-0.921091	0.453046	-0.740034	0.873522	0.484192	0.679802	-0.635027	-0.140452	-1.045478	0.447321	-0.828186	-0.250300	-0.441706	0.916372	-0.997005	-0.575552	-0.706861	-0.595762	-0.789796	0.138268	
-0.018229	0.666733	-0.822237	0.363728	0.105123	0.117959	0.620106	-0.290523	0.637943	0.121153	-0.907384	0.062896	-0.070853	-0.365362	0.677587	-0.125929	-0.048258	-0.130589	-0.690868	-0.405375	-0.496543	-1.121576	0.397924	
-0.981237	-0.855109	-0.249490	0.147018	-0.975972	-0.670539	-0.742003	0.253085	-0.107615	0.208503	0.406172	-0.099079	0.389864	-0.187010	0.687466	0.194240	-0.598991	0.891421	0.734198	-0.245395	0.934660	-0.681346	0.727659	
-0.517907	-0.267443	0.102224	0.287152	-1.018506	-0.561684	-0.619236	-0.330519	0.639626	0.265437	0.299323	0.633130	-0.372220	-0.364054	0.650008	-0.538839	-0.377761	-0.010454	-0.441921	0.321054	0.347141	0.331995	0.340888	
-0.839976	-0.611271	-0.464354	0.344369	0.801726	-0.280883	0.019724	-0.796054	0.800640	-0.607768	0.022092	0.295701	-0.137260	0.360499	-0.834541	-0.856966	-0.865292	-0.962036	-0.308286	-0.404803	0.374513	-0.735487	-0.231880	
-1.183317	0.262951	0.360833	-0.687417	0.303135	0.144356	0.221079	-0.002076	-0.894544	-0.001248	-0.993350	0.856123	-0.165256	0.846441	0.362150	-0.031674	0.266291	0.292136	-0.349118	-0.315947	-0.993103	0.526725	-0.753508	
-1.124699	-0.423648	0.522500	-0.627025	-0.421909	-0.089577	-1.040539	-0.177712	-0.039826	0.157983	0.464253	-0.250200	-0.352844	0.632247	0.830594	0.191255	0.937643	-0.951724	0.065186	0.664648	-0.290911	-0.453611	-0.499965	
-1.499103	0.235075	-0.310309	-1.057332	-1.235699	-0.258894	0.579594	0.786049	-0.232248	0.462095	0.262741	0.676593	0.820419	0.235587	0.254003	-0.790180	0.621513	-0.060476	0.173776	0.146949	0.080743	0.547899	0.234238	
-0.985694	-1.137075	-0.655723	-0.501592	-0.790787	0.332854	-0.452927	0.560148	-0.928706	0.302971	0.119858	0.656033	-0.763333	-0.058810	0.670992	0.422109	0.785800	-0.757599	0.642223	0.424826	0.727258	0.508331	0.581556	
-0.234307	-0.784555	0.093614	-0.558301	-0.507468	0.395031	0.488924	-0.766782	0.298244	-0.184413	-0.994798	0.449078	0.545092	-0.913982	-0.542799	-0.003100	-0.193878	0.395588	-0.732439	0.352373	0.900282	-1.045471	0.232703	
0.089150	-0.676532	-0.866922	-0.383060	0.527466	0.763535	0.172776	-0.226559	0.563482	-0.550717	0.248067	-0.570304	-0.623091	0.916687	-0.450526	-0.953387	0.556744	-0.658682	-0.847785	-0.901836	-0.201409	0.410981	-0.168716	
-0.620137	-0.313169	-0.949425	-0.028021	0.321239	-0.430671	0.201200	0.628722	-0.063062	-0.002385	-1.040322	-0.220025	-0.632547	-0.297899	0.577794	-0.171828	-0.965282	-0.002956	0.290313	0.434883	0.613060	0.592491	-0.515796	
0.042842	0.035862	0.286063	0.519569	0.552625	0.649730	0.689944	0.657232	-0.165156	-0.362441	-1.051173	-0.572090	0.361257	-0.426619	-0.933479	-1.257725	0.072899	0.325260	-1.072223	-0.996481	-0.380358	0.240993	0.513472	
-0.882295	-0.779327	-0.947150	-0.324872	-0.908250	0.957653	0.283205	-0.920980	0.784036	0.218206	-0.201184	-1.025788	-0.581884	-0.278841	0.252445	0.517565	-0.989506	0.629168	-0.733004	0.272211	0.118262	0.998247	-0.028215	
-0.986182	-0.516023	0.457383	-0.325226	0.055291	0.223005	-0.815948	0.917694	0.432459	-0.798836	-0.201311	0.303312	0.878546	0.438799	0.182468	0.156571	0.824100	0.327921	-0.447737	0.128866	-0.402352	0.135771	0.486278	
-0.642496	0.046960	-0.110398	0.981563	0.477578	0.598137	0.294475	-0.077274	0.616224	0.502393	0.986909	-0.579277	0.276833	0.847224	0.222458	0.890832	0.080605	0.064587	0.001870	0.897751	1.016244	-0.482796	-0.329475	
-0.696246	0.435884	0.925046	0.096276	-1.137103	0.132022	-1.061058	-0.000181	-0.010419	-0.198032	-0.964079	0.904767	-0.836000	0.103051	-1.007739	-0.774357	0.187742	-0.481474	-0.528507	0.132524	-0.367697	-0.347590	-0.772732	
-0.300233	-0.833494	-0.170906	-0.137218	0.462764	-0.282894	-1.147995	-0.482304	-0.413466	-0.911310	0.483911	0.294450	0.609494	0.113870	0.128907	-0.142404	0.297801	0.305671	0.747137	-0.233620	-0.436927	-0.937192	0.649664	
0.083147	-0.245180	-0.930974	0.614595	0.433639	-1.036724	-0.287065	0.743954	-1.000997	-0.813378	-0.724864	-0.915581	0.032940	-0.910653	0.092596	0.020796	0.246637	0.335237	0.709937	0.224910	-0.510580	0.517155	-0.337222	
0.584026	0.374358	-0.749784	-0.731776	-0.192902	-0.688977	0.087420	-0.710178	0.793179	-0.766289	-0.395474	-0.555584	-0.919877	-0.757498	-1.049047	0.416699	0.415006	0.675524	-1.061168	-0.144803	-0.166234	0.607230	-0.050209	
-0.566372	0.327280	-0.673133	0.002259	-0.866038	0.741725	0.668199	0.575051	-1.038565	-0.191291	0.080242	0.304188	0.319318	-0.680686	0.630865	0.400273	-0.777639	-0.063209	-1.057574	-0.106276	0.439939	0.277549	-1.072538	
-0.033824	-0.063228	0.697834	0.676771	0.646283	-0.432187	-0.281893	-0.142487	-1.034953	0.136459	-1.184742	0.340013	0.311923	-0.758079	-0.880078	-1.062623	0.178512	-1.080113	-0.434890	0.289082	0.510310	-0.192461	0.919532	
-0.156361	-0.531179	-0.164069	0.670684	-0.874177	-0.866199	-0.791494	-0.803698	0.734813	-0.492749	-0.368442	0.508816	-1.025581	0.511928	-0.632206	0.689345	-0.586499	-0.553063	-0.667434	-0.616031	0.626401	0.692708	0.727287	
-0.043583	0.098649	-1.063526	-0.800675	-0.838721	-0.460644	-0.267760	-0.785385	0.645342	0.112562	-0.033656	0.701149	-0.075642	0.339473	0.873960	0.809570	0.600213	0.539339	-0.854794	-0.406846	-0.594706	-0.829482	0.768075	
-0.132800	0.290818	-1.088751	0.139275	0.457402	0.315643	0.484990	-0.897041	0.296136	-0.387758	0.164451	0.697349	0.646658	-1.068256	0.413920	-0.236261	-1.120138	-0.679594	-0.301626	-0.827269	0.695641	-0.141077	-0.660796	
-0.062460	0.648530	-0.714569	-1.031468	0.528896	-0.621681	0.013012	0.487856	0.555389	-0.504528	-0.103336	0.794486	0.546572	0.102655	-0.731295	0.445764	-0.428843	-0.426756	-1.079129	-0.014272	-0.328434	-0.871650	-0.448316	
0.164437	-0.862829	0.692395	-0.865940	0.781714	0.728711	-0.207809	-0.705271	0.069194	-0.121680	-0.022793	-0.440149	-1.259956	0.439277	-0.998205	-0.725117	-0.653860	0.151078	-0.061311	0.763190	0.090795	0.484184	-0.215323	
0.027846	0.371204	-0.849121	-0.099593	-1.132044	-1.133435	0.354753	-0.466246	0.678437	-0.194665	0.421056	-1.011534	0.149584	-1.065524	0.248090	0.817432	-0.124659	0.281805	-0.604922	0.501783	0.144048	0.038881	-0.634650	
0.013322	-0.157283	0.374301	-0.457627	-1.257541	-0.246879	0.077805	-0.336283	-0.345699	-1.032333	-0.492192	0.133980	0.711383	-0.194374	0.797415	-0.310316	-0.023387	-1.084954	0.826433	0.590360	-0.283839	0.221600	-0.530849	
-0.313863	-0.135858	-0.010348	-1.033755	-0.334150	-0.641823	0.761507	0.599592	0.802621	0.087056	0.033903	-0.983129	-0.322645	-0.525645	-0.137766	-0.972792	0.619248	-0.518800	0.438966	0.745177	0.059846	-0.680902	-0.551061	
-0.213884	0.703585	-0.541813	-0.403501	0.482797	0.731122	-0.550171	-0.641489	-0.138967	0.740742	0.103894	-0.989528	0.943255	-0.927057	0.196015	-0.524182	-0.693205	-0.794827	-0.557874	-0.024560	0.911923	-0.902436	-0.835130	
-0.951252	-0.600327	-0.132697	-0.155274	-0.300236	0.709553	0.055943	-0.567411	-0.204746	-0.356133	0.741397	-0.065074	0.508621	0.429092	0.445751	0.030888	0.588513	-0.512070	0.733797	-0.604966	0.749627	0.304282	-0.874299	
0.105300	-0.151202	-0.739717	-0.986384	-0.903664	-0.122615	0.677446	-0.790705	-1.048505	-0.662996	0.541437	0.495566	0.460697	0.221486	-0.492594	0.479998	0.768747	0.619563	-0.569205	-0.046262	-0.986897	-0.870568	-0.949399	
-0.499887	0.409392	-0.198318	-0.673877	-0.448819	-0.672049	0.455438	-0.762961	-0.914320	0.021572	-0.311449	0.584158	-0.712300	0.768716	-0.768843	-0.975698	-0.673212	0.598048	-0.541790	0.099037	-0.350676	0.033290	0.281202	
-0.094406	0.752472	0.714632	-0.976930	-1.035774	-0.124151	0.386871	0.612399	-0.996155	0.633683	0.555204	-0.300698	0.024625	0.268548	-0.181375	-0.532700	0.787946	0.835319	0.307323	0.019780	-0.646937	-0.950076	-0.840574	
-0.308304	-0.149743	-0.412777	-0.651099	-0.141764	0.274805	0.785119	0.227871	0.847465	-0.645299	-0.095029	-0.651471	0.672805	-0.154060	-0.468841	-0.045326	0.023029	-0.443492	-0.418072	-0.773656	-0.529425	-0.668844	0.740612	
-0.255141	0.455810	0.111478	0.149662	-0.786473	0.278277	-1.106061	0.233781	0.533332	-0.481426	-1.061689	-0.173786	-1.098144	0.534831	0.090004	-0.074225	0.042205	-0.040691	0.363355	0.074561	0.173338	0.284854	0.486028	
-0.936617	-0.199116	0.507187	-0.935605	-0.055375	-0.887981	0.029149	-0.456581	-0.869124	-0.523765	0.946045	-0.006672	0.212687	-0.872835	-0.274520	0.908305	0.725197	-0.311447	-0.493586	-0.389017	-0.856766	1.036040	-0.595288	
-0.983047	-0.624122	-0.431600	0.449363	0.136656	-0.953255	-0.583339	-0.826577	-0.657590	0.036538	-0.730731	0.176318	-0.877458	-0.188526	0.415715	-0.441335	-1.001814	-0.559686	0.255614	0.605253	-0.014236	0.579702	-1.002413	
-0.029421	0.870393	0.118367	0.041770	-0.104159	-0.030587	-0.802248	0.795361	-0.672721	-1.030047	-0.622114	-0.581978	-0.276359	0.497399	-0.553924	0.691847	-0.361086	0.321756	-0.735009	-1.057513	0.029823	-0.487480	-0.489089	
-0.209033	0.760348	-0.716090	0.685052	-0.310518	0.825462	0.225489	-0.729305	-0.595297	-0.471212	-0.133426	-0.624049	-0.768733	-1.007100	-0.986452	0.228406	0.509406	0.179418	0.489186	-1.121478	-0.133671	0.109824	0.788204	
-0.798540	0.084405	0.387841	0.708779	0.890635	0.643924	0.168055	-0.464694	0.464666	-0.827182	-0.058803	0.224202	-0.368532	0.829625	-0.947879	-0.320389	-1.078180	0.254146	-0.589289	-0.754485	-0.620066	-0.683865	0.678167	
-0.092971	-1.071851	-0.196063	-1.031405	0.807313	-0.966272	-0.010128	0.777166	-0.007297	0.596331	-0.347652	-0.360981	-0.340836	0.150106	0.481798	0.728400	-0.592095	-1.149717	0.082882	-1.045973	0.172200	-0.291001	0.779120	
-0.184143	-0.689128	-0.260256	-0.378745	0.218970	0.563509	-1.050555	-0.858053	-0.287793	-0.529223	-0.453463	0.559607	0.618277	-0.463863	-0.688413	0.049863	-0.136316	0.921413	-0.196304	-0.319539	-0.212536	-0.273903	0.123619	
0.392809	-0.511252	-0.359981	0.897161	0.221625	-0.120692	0.210102	0.490338	-0.950492	-0.858443	-0.773344	-1.028377	-0.569437	-0.250310	0.083260	-0.483563	-0.959252	0.146283	-0.759242	-0.443836	0.685339	-0.045461	1.106112	
-0.910761	-0.944158	-0.111460	-0.538198	-0.935075	0.114157	0.479218	-0.875658	0.819499	-0.402388	0.652037	-0.119633	-0.718068	-0.552755	-0.191018	-0.513039	-0.289010	0.430091	0.603697	-0.280555	-0.182606	0.432172	0.474919	
-0.883672	-0.838065	0.522755	0.674906	0.249706	-0.297789	-0.064874	-0.824905	-0.182499	-0.636294	-0.327114	0.812755	-0.556323	-0.395469	-0.708842	-0.335712	-0.655654	-0.477125	-0.611273	-0.679643	-0.355360	-0.896321	-0.024549	
0.122881	0.428137	-0.307481	0.628379	-0.862207	-0.244486	-0.261382	0.197121	-0.699647	0.680345	-0.635454	-0.589640	0.456799	0.450973	0.070611	0.399507	-1.178079	-0.672726	-0.617997	0.706323	0.516635	-0.170140	0.207240	
-0.718174	0.803374	-0.056689	-0.856457	0.602478	-0.892018	-0.479138	-0.275536	0.244359	-0.011183	-0.177815	-0.759270	0.909118	-0.891956	-1.031370	0.787133	-0.219941	0.466499	-0.669800	-0.842660	-0.200810	0.307800	0.005790	
-0.001550	0.539021	-0.622462	-0.215385	0.417319	-0.945725	0.724136	-0.111035	-0.717898	-1.002768	-0.710856	-0.715155	-0.721151	-0.709129	0.800245	0.065458	0.345509	-0.555606	0.201734	0.399895	0.655298	0.654221	0.470603	
-0.917734	-0.939855	-0.986225	0.703275	-0.720529	0.703869	-0.383288	0.786594	-0.387990	-0.508117	0.183926	0.581402	-0.436902	-0.329786	0.157171	-0.650999	-0.210528	-0.109931	0.450200	0.446847	0.364307	-0.141648	0.554032	
-0.228429	-0.585482	-0.426285	-0.915765	0.941495	0.535915	-0.282664	-0.490570	-0.667648	-0.468445	-1.035263	0.619094	-0.646716	-0.329831	-0.835107	0.642818	0.129042	0.503164	-0.645689	-0.110097	0.536508	-0.093713	0.339069	
0.260522	-0.696884	-0.399260	0.873992	0.360169	-0.657842	0.674728	-0.954826	0.438256	-0.975284	-0.785341	-0.882310	0.057940	0.089794	0.016989	-0.612338	-0.896926	-0.443351	-0.924967	-0.232674	-0.789131	-0.554462	0.582189	
-0.595673	-0.555331	0.846004	0.669778	-1.024314	-0.626787	0.239948	-0.205444	-0.531304	-0.409841	-0.033596	0.547513	-0.036760	-0.937714	0.581163	0.023649	-0.888022	-0.088032	0.773093	0.311958	-0.200953	-0.261044	0.659121	
-0.515725	-0.259810	0.702847	0.172816	-1.127463	-0.200907	-0.944985	-0.552834	0.037991	0.574772	-0.235998	0.761710	0.541913	-0.021467	-0.240435	-0.092612	0.173055	-0.266440	0.211116	0.031906	-0.149703	0.526162	-0.808315	
-1.206839	-0.798778	-0.937117	-0.533497	-0.424015	-0.153795	0.431307	-0.107646	-0.734914	0.081625	0.704377	0.604011	-0.570504	0.844749	-0.370505	-0.703955	0.230987	-0.953944	0.945155	0.117184	-0.174912	-0.915416	-0.457828	
0.266529	0.006389	-0.846289	-1.041906	0.117175	0.788714	0.234648	-0.653592	-0.322564	0.773075	-0.981094	-0.384625	-0.172766	-0.509435	-0.513260	0.094664	-0.637708	-0.540198	-0.032357	0.719688	-0.099185	-0.376409	0.338983	
-0.621466	0.163759	-0.230335	0.732483	-1.029425	0.168874	-0.829846	-0.591022	-0.821358	-0.806666	0.392262	0.680373	0.014560	-0.061073	0.330769	-0.151239	0.275884	-0.823883	0.618546	-0.327060	0.669008	-0.069921	0.791283	
-0.543411	0.356363	0.193431	-0.462968	0.333148	0.490313	-1.060955	0.322028	-0.420317	-0.659465	0.515655	0.447999	-0.573532	-0.000912	-0.787031	-0.899533	0.352863	-0.348309	-0.632406	-0.865100	-0.134507	-0.756199	-0.616948	
-0.874444	0.179388	0.273359	0.304794	0.357848	-0.899442	-0.378507	0.837093	-0.454736	-0.503827	-0.808948	-0.406618	-0.593453	0.778478	-0.664572	-0.605316	0.135314	0.412164	0.081509	-0.525413	0.374123	-0.356859	0.413158	
-1.226296	0.343302	0.196090	-0.821921	0.342248	-0.319098	-0.027023	0.659956	0.121844	-0.066638	-0.991774	0.292379	0.056757	-0.351102	0.093995	0.475818	-1.009496	-1.055934	0.033981	0.433311	-0.501393	0.519085	0.598339	
-0.109011	-0.555220	-0.062669	-0.304568	-0.877712	-0.331085	-0.926567	0.205164	-0.818283	0.231274	0.184829	0.316696	0.614678	0.351714	-0.020626	-0.626803	-0.929897	-0.614017	0.323645	0.817053	-0.156525	-0.696799	0.481533	
-0.421007	-0.399442	-0.173945	0.809608	-0.571863	0.670514	-0.754649	0.099747	0.025004	-0.807349	0.781113	-0.151131	0.222224	-0.966518	0.241492	0.404796	-0.892917	0.193559	-0.725395	-0.673621	0.303490	0.809417	0.309549	
0.003274	-0.066896	0.594824	0.536237	-0.037547	0.214571	0.248189	-0.895113	0.328756	-0.865658	-0.353099	0.071198	0.277138	0.501966	0.610181	-1.040219	-0.385323	0.024192	-0.215869	-0.298782	0.312287	-0.063708	-0.559790	
-0.394972	-0.344400	0.450306	-1.036737	-1.121511	0.776052	-1.101981	-0.368940	-0.919961	-0.287235	-0.238077	-0.562849	-0.199427	-0.664349	-0.605087	0.138758	0.621843	0.572113	-0.309842	-0.408447	-0.791299	0.649921	0.176725	
-0.745874	0.360863	0.099957	0.051288	0.475586	0.147504	-0.714114	-0.932996	-0.054500	0.339246	0.062142	-1.033287	-0.038239	-0.145410	0.872572	0.699736	0.312061	-0.616233	-0.917414	-0.608775	-0.227732	0.034730	-1.099197	
-0.901948	-0.882689	0.845284	0.301578	-1.201606	-1.206926	0.162277	0.738735	0.264160	0.373458	-0.831284	0.251905	0.124274	0.223601	0.844822	-0.972740	0.689853	0.585989	0.107399	0.614599	-0.027491	-0.888121	0.589868	
-0.565735	-0.587587	-0.825495	0.039613	0.292434	0.079849	0.490949	-0.287035	0.823732	0.212120	0.333343	-0.953845	0.566593	0.425927	0.871816	0.580868	-0.478585	-0.891274	-0.737259	-0.587785	0.700254	0.465248	-0.744794	
-1.216574	0.613416	-0.309299	-0.780809	0.547213	0.273502	-0.431513	-0.433340	-0.037522	0.132318	0.770384	0.371161	0.374880	-0.320902	-0.003346	0.847962	0.132102	-0.481838	-0.291900	0.086904	0.207087	-0.220875	0.118592	
-0.695799	-0.830700	-0.909277	-0.755571	-0.122086	-0.674133	0.257089	0.676188	-0.506577	0.595335	0.209244	0.792742	-0.836314	-0.532161	-0.045700	0.363000	0.369848	-0.818249	-0.292419	-0.071734	0.887825	-0.835435	-0.123024	
-1.268265	-0.109855	-0.481698	0.484646	0.612344	0.390408	0.027202	-1.014567	-0.759640	0.834832	-0.300475	0.128552	0.285183	0.647859	0.539032	0.692742	-0.161410	-0.156012	0.351928	0.425436	-0.308730	0.426038	-0.501861	
-0.723466	-0.996217	0.567103	0.413873	-0.299681	-0.674519	-0.944755	-0.561513	0.175089	0.471845	-0.400819	-0.538149	-0.075633	0.457194	0.073874	-0.359512	0.330489	0.864239	-0.275341	-0.542579	0.680234	0.077423	0.096091	
-0.973486	0.425206	0.471408	0.442190	-0.366794	-1.036479	0.069373	0.774834	0.192574	-0.181638	-0.808362	-0.040358	-0.697345	0.549695	-0.597460	0.802181	0.460794	-0.376590	-0.540953	-0.390073	0.124641	0.668024	0.610769	
-0.954876	0.471122	-0.047494	0.765708	0.577018	0.112602	-1.048351	-0.584049	-0.501595	0.532455	-0.517451	-0.447918	-0.312985	0.811774	0.615374	-0.542791	-0.395880	-0.593140	0.855457	-0.591064	0.769291	0.521808	-0.923851	
-0.127369	-0.581396	-0.273027	-0.558751	0.738725	0.873486	-0.326100	-0.863938	0.505512	0.419572	0.084730	0.057446	-0.301075	-0.814026	-0.885355	0.536217	-0.939910	-0.336678	-0.341573	-0.648779	0.133089	-0.244270	0.602640	
-0.374220	0.023808	0.706445	0.176153	0.254627	0.011787	-1.001686	-0.549929	-1.104769	0.414695	0.868295	0.034408	-0.513340	-0.173616	-0.854636	-0.094566	-0.752986	-0.030270	-0.377152	-0.112117	0.218181	0.307503	0.273747	
-0.485633	-0.850517	0.769045	0.278675	-1.202100	-0.771023	-0.205613	-0.904709	0.807654	-0.200621	0.473872	0.139999	0.469042	0.143141	0.590377	-0.520851	0.884890	0.589122	-0.467000	-0.845589	-0.963028	0.728764	0.741831	
-0.279216	-0.939675	-0.990141	-0.418799	-0.149873	-0.185594	0.393173	0.499219	0.049963	0.586046	-0.060784	0.617290	-0.787078	-0.735390	-0.825251	-0.290142	-0.510494	-0.697691	0.559912	0.480538	0.648801	-0.243752	-0.129911	
0.165344	-1.070273	0.402607	-0.570746	-0.152582	-0.739953	0.156766	-0.598592	-0.829973	0.572114	-0.225914	0.515871	0.653859	0.000236	-0.852933	-0.281151	0.188847	0.458209	0.784220	0.748470	-0.156149	-1.011722	-1.088886	
0.000000	0.000000	0.000000	0.000000	0.000000	0.000000	0.000000	0.000000	0.000000	0.000000	0.000000	0.000000	0.000000	0.000000	0.000000	0.000000	0.000000	0.000000	0.000000	0.000000	0.000000	0.000000	0.000000	0.000000	0.000000	0.000000	0.000000	0.000000	0.000000	0.000000	0.000000	0.000000	0.000000	0.000000	0.000000	0.000000	0.000000	0.000000	0.000000	0.000000	0.000000	0.000000	0.000000	0.000000	0.000000	0.000000	0.000000	0.000000	0.000000	0.000000	0.000000	0.000000	0.000000	0.000000	0.000000	0.000000	0.000000	0.000000	0.000000	0.000000	0.000000	0.000000	0.000000	0.000000	0.000000	0.000000	0.000000	0.000000	0.000000	0.000000	0.000000	0.000000	0.000000	0.000000	0.000000	0.000000	0.000000	0.000000	0.000000	0.000000	0.000000	0.000000	0.000000	0.000000	0.000000	0.000000	0.000000	0.000000	0.000000	0.000000	0.000000	0.000000	0.000000	0.000000	0.000000	0.000000	0.000000	0.000000	0.000000	0.000000	0.000000	
-0.157769	0.554632	0.100259	0.533917	0.010496	-0.193570	0.346446	-0.114695	0.127384	-1.077118	0.385365	-0.209106	-0.183066	-0.283370	-0.026775	-0.568936	0.280888	-0.439876	0.408118	0.110656	-0.149976	0.500895	-0.382879	0.028617	-0.405547	-0.154871	-0.104804	-0.094361	-0.233680	-0.838661	-0.313157	0.309411	0.540500	0.324454	0.719591	0.560618	0.101356	0.566506	-1.081001	0.001034	0.351729	0.514304	0.066896	0.600047	0.241273	-0.412720	0.045847	0.086596	0.791911	-0.207242	-0.406393	0.082334	0.103340	-0.208206	-0.039490	-0.153997	-0.642325	0.106936	-0.247721	0.277757	-0.745470	-0.400072	0.492151	0.506192	0.233278	0.201902	1.005220	0.693366	-0.353626	-0.147102	-0.067340	-0.010618	0.222336	0.786018	-0.032167	-0.289596	-0.730386	0.529726	0.549313	-0.452322	-0.794156	0.512100	0.008617	0.013049	-0.202634	-0.207712	-0.712834	-0.538706	-0.510884	-0.365117	-0.443727	0.050776	-0.068903	-0.198952	-0.178745	-0.269117	0.570891	0.041139	-0.534998	0.612322	-0.151450	
