0.000000	0.000000	0.000000	
-0.984945	0.032971	-0.629779	
0.619431	0.146544	-0.067341	
-0.285875	0.835209	0.687824	
0.440276	-0.578861	0.701587	
0.422711	-0.001720	-0.422221	
-0.960485	-0.833818	-0.303528	
-0.644385	-0.637611	0.934006	
-0.106027	-0.846501	-1.055743	
-0.976690	-0.267717	0.024878	
0.141352	0.194841	0.207063	
-0.672782	0.384225	-0.080842	
-0.298906	-0.884989	0.221149	
0.558433	0.624972	0.077840	
-0.417031	0.703840	0.407963	
0.906861	0.856941	0.095266	
-0.713369	-0.095181	-0.538117	
0.709338	-0.539489	0.550320	
0.732505	0.907749	0.920206	
0.226044	-0.172417	-0.435151	
-0.482039	0.766457	-0.985375	
-0.253483	-0.813426	0.361992	
-0.877556	-0.970716	0.814317	
-0.432663	-0.486533	0.111946	
0.379188	0.685811	0.464687	
-0.046276	-0.578614	0.498218	
-0.064368	-0.083931	0.898072	
0.479041	-0.762736	0.203577	
-0.229969	0.478140	0.225013	
0.140237	-0.312954	-0.721396	
-0.547981	-0.155423	0.594908	
0.025655	0.917555	0.418163	
-0.279697	-0.684308	0.250708	
0.018961	-0.888645	0.365864	
0.049167	-0.719939	0.900310	
-0.753989	0.748519	0.342560	
-0.398446	-0.105535	-0.844814	
0.923769	0.358152	-0.666955	
0.746832	0.660817	0.195100	
-0.629195	-0.646768	0.652531	
-0.059510	-0.653765	0.060004	
0.453078	-0.247371	-0.492315	
0.137216	0.419801	0.554358	
0.443214	-0.032108	-0.739158	
-0.347773	0.740608	-0.954573	
0.041437	0.289161	-0.181994	
-0.852524	0.831861	0.783926	
0.095560	-0.261269	-0.017235	
-0.290629	0.740114	-0.347198	
-0.098083	-0.449300	0.967271	
-0.408812	0.446130	0.111311	
-0.573615	0.587657	0.733880	
-0.200071	-0.047264	0.751635	
-0.929949	1.034071	0.151030	
-0.889801	-0.005395	-0.628365	
0.686155	0.246502	0.309502	
-0.599020	0.674818	-0.749511	
-0.777507	0.467724	-0.370558	
0.894715	-0.399069	-0.310594	
-0.729767	0.453512	0.657684	
0.418146	0.154522	0.467088	
-0.487767	-0.732690	-1.011872	
-0.914458	0.574595	0.672490	
-0.582640	-0.764745	0.122072	
-0.956035	-0.798220	-0.158423	
0.501098	0.384268	0.101691	
-0.861777	-0.063733	-0.572228	
0.394957	-0.371791	-0.093013	
-0.536294	0.160399	0.068240	
0.257390	-0.689108	-0.000647	
0.900104	0.468600	0.888639	
-0.632375	-0.238699	-0.592644	
1.005407	-0.224911	0.986190	
-0.812079	0.293858	-0.810256	
-0.195076	0.882310	-0.916245	
0.800592	-0.401490	-0.529480	
0.529601	-0.209457	-0.625476	
0.261571	0.167143	-0.139212	
-0.068987	0.129717	0.217044	
0.710408	0.651604	0.239402	
0.434251	0.162934	-0.212195	
-0.639857	0.422462	0.083330	
0.804167	-0.521498	-0.628853	
0.204697	0.445161	0.220171	
-0.305471	0.042937	-0.823702	
0.486274	0.159329	0.187503	
0.404811	0.607997	-0.722205	
0.149563	0.730166	0.818771	
0.181040	0.480152	-0.900921	
0.365559	0.948996	-0.429757	
0.143063	-0.359674	-0.631515	
-0.840698	0.671039	0.645989	
0.477386	-0.719161	-0.371493	
-0.841872	-0.846821	0.282463	
0.642044	0.058819	-0.138279	
-0.184826	-0.385143	-0.049589	
-0.004624	-0.766651	-0.437332	
0.476631	-0.379244	0.652434	
0.912456	0.754961	0.461278	
-0.332489	0.852063	-0.727903	
-0.863935	0.613263	0.054473	
0.127817	0.903856	-0.840347	
0.750449	0.306775	-0.357995	
-0.786728	-0.020185	-0.555921	
-0.416697	0.883123	0.141503	
0.325923	-0.788416	-0.031378	
-0.237332	-0.057905	0.548123	
0.011960	-0.217823	0.387640	
0.059928	0.227234	-0.197337	
-0.999228	0.498266	-0.809392	
0.251029	0.709172	-0.051500	
0.490910	0.035811	-0.197513	
0.571620	0.090957	-0.306102	
0.903678	0.257240	-0.618137	
-0.228733	-0.742893	0.459791	
0.913256	0.233635	-0.975525	
-0.324118	-0.896949	0.235078	
-0.744620	0.686009	0.721744	
0.191545	0.425445	0.695860	
-0.961549	-0.744645	0.366695	
0.236736	-0.557412	-0.863286	
-0.657118	0.207142	-0.328166	
-0.374745	-0.235594	0.363559	
0.605538	0.607426	0.040045	
0.219378	0.484541	0.719032	
-0.716549	0.315098	-0.181012	
-0.479770	-0.724055	0.697188	
-0.865942	-0.157993	0.125680	
-0.387353	0.041675	-0.568186	
-0.412691	-0.782357	0.650728	
-0.755969	-0.436298	0.637975	
0.775580	0.621045	0.530508	
0.213837	-0.235680	0.722082	
-0.593697	0.797795	-0.561645	
-0.502593	0.076574	0.963229	
-0.909909	-0.817431	0.145775	
-0.145557	-0.792738	-0.460605	
0.745070	-0.585767	-0.752202	
-0.792791	0.930161	-0.876806	
-0.884299	-0.917741	-0.394368	
0.827081	-0.213146	-0.141519	
0.880809	0.695057	0.117337	
0.676701	0.399113	-0.174085	
-0.485925	-0.987013	0.070188	
0.924955	-0.176062	-0.480021	
0.202219	-0.546286	0.339646	
0.873201	-0.018697	0.796349	
-0.981133	0.892998	0.205120	
0.572040	0.149940	-0.721262	
-0.551742	-0.258698	-1.000133	
-0.152080	-0.842841	0.297274	
0.700193	-0.858627	0.613686	
0.321358	0.406493	0.622045	
0.066149	0.362217	-0.719381	
0.382782	0.356248	0.477365	
-0.966042	0.690527	0.273344	
0.409193	-0.819488	0.109297	
0.864277	-0.923965	-0.477818	
-0.735575	0.908394	0.204821	
-0.385977	0.799667	-0.284365	
0.378073	-0.590312	-0.711722	
-0.521269	0.011522	0.773619	
-0.783602	0.747331	-0.114837	
-0.861895	0.647559	-0.676981	
0.963611	0.506061	0.708614	
-0.589459	-0.011684	-0.975467	
0.501903	-0.765096	-0.185718	
-0.272939	0.953726	-0.889615	
-0.485953	-0.676345	-0.561813	
-0.675861	0.278216	0.809412	
0.862164	-0.546249	0.542531	
0.294125	0.213016	0.767674	
-0.085808	0.879426	0.375359	
-0.696594	0.295510	0.152584	
-0.152470	0.832431	0.006459	
0.164815	0.019811	-0.528726	
-0.209605	-0.194115	-0.879021	
0.641627	-0.524976	-0.791381	
-0.212683	0.146542	-0.866008	
-0.604162	-0.688613	0.285660	
-0.090858	0.246760	0.423725	
-0.127510	0.399763	-0.184807	
0.680662	0.173025	-0.641804	
0.889380	0.757609	-0.173603	
0.973335	-0.627608	0.789276	
0.149192	-0.126602	0.247513	
0.394937	-0.953914	-0.486149	
-0.495342	-0.165480	0.818691	
0.427485	0.357620	0.731895	
-0.216024	-0.200953	0.810014	
-0.388780	-0.199452	0.170495	
-0.278613	0.526738	0.541151	
0.438799	0.482380	-0.690290	
-0.590021	-0.463107	0.327226	
0.820457	-0.259426	0.036291	
-0.794324	0.839703	-0.604464	
0.038071	0.293074	-0.138360	
0.387023	-0.795351	-0.820206	
-0.876067	-0.896873	-0.177242	
-0.404125	0.436295	-0.713849	
-0.250397	-0.852701	0.414190	
0.418906	-0.543469	0.394932	
0.227871	0.331110	0.109618	
-0.783156	-0.040069	-0.922196	
0.944843	-0.048850	0.942630	
0.448465	0.116283	0.390599	
0.382491	-0.277837	-0.240349	
-0.913375	0.671987	-0.675933	
-0.879505	-0.378804	0.570266	
-0.574326	-0.365407	-0.043300	
-0.974990	-0.165237	-0.034750	
0.208099	0.521716	-0.190644	
-0.296451	0.702969	0.899160	
0.247937	0.994433	-0.894485	
0.098400	0.756772	-0.167466	
-0.380490	-0.485147	-0.975675	
0.218873	-0.272802	-0.994153	
-0.939688	-0.089427	0.740447	
0.875199	-0.221873	0.450318	
0.221004	0.577020	0.719380	
0.161706	0.194978	-0.840323	
0.577650	-0.007496	0.217880	
0.173204	0.223168	0.677628	
0.329274	-0.381527	-1.023614	
-0.460107	-0.370552	-0.573084	
0.551777	-0.304468	0.735640	
-0.754144	0.491420	0.280451	
0.788506	-0.684940	0.068323	
0.765104	0.657416	0.989317	
-0.638155	0.754438	0.551848	
0.865088	0.775953	0.846795	
0.254350	-0.625464	0.235612	
-0.453409	-0.507025	0.430461	
0.546704	-0.599397	0.422302	
-0.029502	-0.839410	0.608294	
0.729974	-0.716244	-0.361434	
0.158778	-0.135950	0.485332	
-0.624197	0.443590	0.980902	
-0.962512	0.309926	0.396077	
-0.638565	-0.888768	-0.498997	
0.347176	0.698788	0.148353	
-0.230103	0.521842	-0.542912	
0.254999	-0.608857	-0.652909	
0.932959	-0.445234	-0.964100	
0.494228	-0.779833	-0.975653	
-0.989915	-0.291212	0.347363	
-0.319673	-0.102386	-0.110943	
-0.815632	0.109475	0.425394	
-0.340409	0.253242	0.707317	
0.065775	0.153155	-0.887725	
-0.071355	-0.423674	-0.085391	
0.724501	-0.033742	-0.836887	
0.132569	0.495495	0.617372	
0.752137	0.702963	-0.493679	
0.734035	0.246135	0.465325	
0.666665	0.479714	0.708083	
0.806749	0.838899	0.084849	
-0.119578	-0.813354	-0.331703	
0.658440	-0.101629	-0.610941	
-0.998999	0.315390	0.547336	
-0.878382	-0.808561	-0.202723	
0.360647	0.614645	-0.687972	
-0.724090	-0.881028	-0.263126	
-0.957026	0.967697	0.299585	
-0.908531	0.801729	0.264980	
-0.134481	-0.889707	-0.421281	
-0.202294	0.397489	0.631782	
-0.935447	0.561162	-0.695969	
0.256969	0.200702	1.001230	
-0.077166	-0.629807	-0.459394	
0.563554	-0.318726	-0.041347	
0.287914	-0.833032	0.989357	
0.512605	-0.681410	-0.077346	
0.411611	1.030727	0.598440	
0.278860	0.282730	0.910442	
0.368667	-0.382645	0.152868	
-0.417769	0.138529	0.462740	
-0.508887	0.110119	-0.003544	
0.884942	0.409033	0.577997	
0.229872	-0.022913	0.629559	
0.436659	0.965312	-0.517041	
0.267698	0.760237	0.076158	
0.838799	-0.036860	-0.061836	
-0.084933	0.885597	0.972332	
-0.646446	-0.426446	-0.539308	
0.451728	0.907758	0.297859	
-0.927172	0.356049	-0.933198	
0.110747	0.095821	-0.101803	
-0.886443	1.007253	-0.752917	
0.184203	-0.962882	-0.723006	
0.323128	-0.316424	-0.353198	
0.305945	-0.121558	-0.100467	
-0.543223	0.304871	-0.669338	
-0.011211	0.070920	0.636288	
-0.132748	-0.924680	-0.207393	
-0.233947	-0.744127	0.644684	
0.464522	0.782941	0.287769	
0.295765	0.067670	0.487555	
0.456910	0.936243	0.006179	
-0.330722	-0.782038	0.832698	
0.648790	-0.059342	-0.744952	
0.789048	0.553561	-0.978631	
-0.088585	0.854822	-0.856433	
-0.643735	-0.666110	-0.832483	
0.207712	-0.800595	0.200714	
0.156711	0.307307	0.404578	
0.816466	0.348626	-0.339450	
0.623621	-0.280756	0.993222	
0.567697	-0.549721	-0.624098	
-0.225349	-0.636572	0.164536	
-0.565364	0.879692	-0.597678	
-0.233929	-0.478678	-0.813659	
-0.627193	-0.914501	0.588053	
0.454822	0.741352	-0.973822	
-0.104311	-0.145777	0.603463	
-0.079219	-0.003706	0.503072	
-0.513416	0.059614	-0.826112	
0.813884	0.841905	0.769100	
-0.881386	-0.025356	0.252892	
0.511523	0.506078	-0.524497	
0.800751	0.575016	-0.555110	
0.098647	-0.881441	0.070113	
0.617679	0.412432	-0.983532	
0.453236	0.176434	0.853404	
0.759943	0.591867	-0.426455	
-0.211929	-0.024912	-0.891990	
0.322784	-1.007737	0.535072	
0.477591	-0.632369	-0.751394	
-0.893964	0.400607	-0.938290	
-0.326068	0.335338	0.547980	
-0.119446	1.044684	0.389051	
-0.416530	-0.009963	0.781149	
-0.862582	-0.752607	-0.667093	
-0.693159	0.792614	-0.369537	
-0.214753	0.593002	-0.900108	
0.619243	-0.497682	0.791372	
-0.474940	-0.546300	-0.651333	
-0.535936	0.704691	0.760568	
0.780961	0.669519	0.182367	
-0.943507	-0.587474	-0.571184	
-0.294679	-0.035008	-0.599972	
0.782872	0.272555	0.121975	
0.819500	0.065462	0.469419	
1.015210	0.914652	0.705742	
0.657870	-0.764895	-0.288087	
-0.465717	-0.664101	0.961589	
0.447937	0.436949	-0.919190	
0.289231	0.593849	0.438656	
0.620115	-0.723501	0.430222	
-0.241576	0.353440	0.866192	
0.792798	-0.958791	0.558156	
-0.096959	-0.899652	-0.427226	
-0.189252	-0.683719	0.843607	
0.045065	-0.557355	0.480688	
0.809412	-0.577847	-0.940546	
0.548452	-0.593876	0.097007	
0.623418	0.700055	-0.375004	
0.075425	0.998323	0.755303	
0.262462	-0.504457	0.627763	
-0.257940	-0.270310	-0.932385	
0.116797	-0.277469	-0.805223	
-0.375083	0.816329	-0.599948	
0.890589	-0.784192	0.710866	
0.777598	-0.137547	-0.600823	
0.272322	0.062013	0.206043	
-0.066468	-0.963385	0.702295	
-0.723950	-0.448782	-0.400551	
0.360045	0.138494	0.923196	
0.227584	0.549076	-0.202804	
0.612243	0.474015	-0.697407	
0.034372	-0.964469	-0.990814	
0.524353	-0.425199	0.804480	
-0.013579	0.485779	-0.902319	
0.240013	-0.939432	0.375231	
0.943242	-0.052574	0.393911	
-0.452473	0.699586	0.339309	
0.147125	-0.410529	0.698336	
-0.103906	0.537940	-0.264816	
-0.970105	-0.072049	0.209197	
-0.186798	-0.348315	-0.997213	
-0.415223	0.234635	0.799123	
-0.115784	0.841180	-0.265125	
0.182688	-0.993198	0.970360	
0.719527	-0.053652	0.420422	
-0.337363	0.243541	0.023264	
0.118659	-0.925491	-0.248459	
-0.555781	0.842615	0.689078	
0.930597	0.195762	0.147266	
-0.851032	-0.161729	-0.374846	
-0.068131	-0.833637	0.760611	
-0.412153	0.517732	0.830874	
0.181751	-0.543945	-0.419959	
0.116201	0.749616	-0.496843	
-0.394338	0.466625	0.743254	
-0.532711	-0.638884	-0.141617	
0.785078	0.146533	-0.962228	
0.991740	-0.898641	0.244215	
-0.485520	-0.661328	-0.768959	
-0.535180	-0.041487	0.888628	
-0.892508	-0.857395	-0.354823	
-0.437771	-0.011538	-0.051250	
-0.178124	0.839459	0.189216	
-0.409566	-0.114469	-0.242517	
0.888816	0.168131	0.695117	
0.594290	0.573268	0.137983	
0.759639	-0.461567	0.885383	
-0.503754	0.806291	0.359489	
-0.745963	0.581248	-0.049456	
-0.673470	-0.891362	-0.863858	
-0.117504	0.736100	-0.726716	
-0.996357	-0.600221	0.723601	
0.582145	0.608663	0.376985	
-0.372276	0.644335	0.906869	
0.681959	-0.565454	-0.018146	
-1.003912	-0.766374	-0.870472	
-0.297933	0.467422	-0.160401	
-0.633337	-0.435934	-0.657682	
0.433266	-0.846920	-0.982182	
0.082075	-0.349378	0.587066	
-0.708006	0.838442	-0.753990	
-0.948518	-0.642279	0.658413	
-0.510133	0.197735	-0.284759	
0.082261	0.445965	0.814363	
0.883861	0.907079	-0.832502	
-0.686272	0.145856	0.639364	
0.756348	-0.799726	0.713401	
0.647866	-0.287138	0.070766	
0.343545	-0.083101	-0.424594	
0.932694	0.907073	0.350099	
0.192853	-0.440566	-0.726005	
-0.602304	0.141810	-0.058044	
-0.280016	-0.588982	-0.114927	
0.385561	0.875476	0.307087	
0.966937	-0.488429	0.026215	
-0.525676	0.740607	-0.059733	
-0.349587	0.119008	0.177539	
-0.322730	-0.374757	-0.705264	
-0.362006	-0.564122	0.814949	
0.481178	0.591283	0.270987	
0.376001	-0.468649	0.531831	
-0.894910	0.418491	0.692749	
-0.333476	-0.877903	0.057447	
-0.983995	0.626090	0.224503	
0.080420	0.197100	0.127815	
0.557307	0.241971	0.365084	
0.506054	0.732436	-0.670778	
-0.190956	0.606009	-0.962693	
-0.140256	-0.881430	0.091313	
-0.472298	-0.810978	-0.438673	
0.962537	0.014042	0.231298	
-0.856864	-0.263201	0.908276	
0.724613	-0.315496	-0.507450	
-0.401654	-0.891509	0.979417	
-0.630898	-0.919535	-0.634421	
-0.411119	0.529954	0.262648	
-0.847088	-0.420023	-0.692563	
-0.572915	0.169655	-0.634725	
0.263400	-0.804947	-0.113129	
0.494623	-0.392049	-0.931369	
-0.404388	0.479513	0.817051	
0.169210	0.733348	-0.845282	
0.583754	1.011234	0.296505	
0.237469	0.171856	0.171410	
-0.577404	0.926241	-0.521478	
-0.912570	-0.530191	-0.497898	
-0.155696	0.552804	-0.472047	
0.804362	-0.282237	0.449945	
-0.566709	-0.908838	0.125204	
-0.294870	-0.273087	0.341614	
0.941911	-0.500145	0.779517	
-0.305324	0.916195	0.340404	
-0.583073	-0.510470	-0.370013	
0.065207	-0.406893	-0.552038	
-0.790439	-0.785325	0.378235	
0.691443	0.309782	0.617987	
-0.989518	0.008830	0.247180	
0.871003	-0.438888	0.210184	
0.505229	0.683614	0.770576	
0.665663	0.197801	-0.425003	
0.561042	-0.644806	0.103225	
0.408023	-0.324775	0.978842	
-0.788353	-0.217951	-0.958414	
0.361263	-0.520132	-0.693356	
-0.534093	-0.619955	0.713824	
0.525001	-0.952029	-0.066986	
-0.920147	0.985933	-0.867587	
0.130044	0.919798	0.136881	
0.758826	-0.156767	-0.174150	
-0.163489	0.387001	0.697104	
0.919657	-0.404246	-0.964142	
0.256839	-0.922947	0.292042	
-0.159641	0.887642	0.178538	
-0.598119	-0.181732	-0.326449	
0.307564	0.611286	-1.002454	
-0.794012	-0.182800	-0.429650	
-0.345210	0.706618	0.757399	
-0.381779	-0.597131	0.145883	
-0.049495	0.973411	-0.169226	
-0.261341	-0.198871	-0.259080	
0.157690	0.756261	-0.322274	
-0.220955	0.945186	0.075630	
-0.160503	0.256188	0.582076	
-0.807491	-0.756126	-0.646372	
-0.812078	-0.415902	-0.130563	
0.248584	-0.380470	-0.872729	
0.224681	-0.729953	-0.454785	
0.644761	-0.096543	0.991699	
-0.551866	-0.797458	0.003577	
-0.456875	-0.997633	0.094146	
0.520441	-0.763428	0.926509	
-0.261651	0.793922	0.028331	
-0.551019	-0.414659	-0.071218	
-0.376811	-0.178374	0.520292	
0.685433	-0.177215	-0.115329	
0.407630	0.474869	-0.790121	
-0.835455	0.509546	0.697016	
0.273301	-0.241063	-0.021183	
-0.822147	-0.098070	-0.594008	
-0.297945	0.815689	-0.541864	
-0.383224	-0.662209	-0.276754	
-0.638714	-0.435039	-0.572945	
-0.648386	-0.364469	-0.885987	
-0.006662	0.873477	0.555177	
-0.154804	0.842274	-0.636785	
-0.038412	-0.048435	0.403353	
-0.470818	0.840242	-0.441066	
-0.408737	0.632060	0.628111	
0.288633	0.585286	-0.992332	
-0.454937	-0.424530	0.889870	
0.705073	0.124794	0.456415	
-0.484612	0.788907	-0.051315	
-0.848160	0.756223	-0.880852	
-0.438115	-0.224598	0.297826	
0.028308	-0.063056	-0.678622	
0.839195	-0.967779	-1.093402	
0.828250	-0.176573	0.510106	
-0.622897	-0.802663	-0.166233	
0.353419	0.064848	0.652493	
0.672375	-0.495373	-0.014483	
0.715869	-0.645865	0.921103	
0.058425	-0.687806	-0.960437	
-0.608141	-0.510061	-0.530334	
-0.607965	0.895002	0.173657	
0.462836	-0.364477	0.368387	
0.561526	0.865716	0.878103	
0.671366	-0.508895	-0.812876	
-0.842645	0.722683	-0.663656	
0.789701	-0.314853	0.912737	
-0.232732	-0.346381	0.357342	
0.776801	-0.209017	-0.115235	
0.347759	-0.435853	-0.014060	
0.050828	0.577592	0.564276	
0.485392	0.014808	0.668597	
0.115964	-0.455667	-0.318065	
-0.841721	0.886335	0.572244	
-0.262602	-0.463581	-0.599895	
-0.382542	-0.906832	0.782256	
-0.510618	-0.117372	-0.678114	
0.752228	0.192024	0.554437	
-0.600542	-0.123559	0.476364	
-0.136815	0.255761	0.596699	
-0.674428	-0.358161	0.951298	
0.426939	-0.619094	0.726428	
-0.898438	0.440254	-0.921113	
-0.721107	-0.856236	0.018476	
0.141078	0.041210	-0.579330	
-0.867505	-0.298759	-0.829269	
-0.176786	-0.812491	-0.586906	
0.639853	0.011102	-0.472173	
0.960895	0.816868	-0.718116	
-0.429192	0.379521	-0.076239	
-0.406018	-0.335831	0.017661	
0.619615	0.044453	-0.850708	
0.657231	0.107835	-0.793211	
0.016207	0.886758	0.437199	
-0.067243	-0.034708	0.863519	
0.084000	-0.240626	0.776197	
0.318548	-0.758524	0.011124	
-0.773448	-0.447346	0.077280	
0.582582	-0.266506	0.715453	
0.487741	-0.056628	-0.266014	
-0.116890	0.171690	-0.242256	
0.262142	0.121563	-0.029298	
0.619868	-0.712872	-1.049932	
-0.749617	-0.974755	-0.635610	
-0.498287	-0.155714	0.452937	
-0.121078	-0.722206	0.109460	
0.731819	0.618492	-0.609180	
0.863160	-0.354124	-0.693105	
0.198948	-0.977914	0.906791	
0.073017	-0.255245	-0.990365	
-0.525637	0.776709	0.188995	
-0.684516	-0.978740	0.017937	
0.820662	0.305376	-0.505951	
-0.256728	0.949282	-0.817636	
-0.204807	0.039514	-0.313306	
-0.356309	0.295524	-0.486961	
-0.421464	0.061922	0.793347	
-0.060752	-0.309200	0.378280	
-0.071213	0.103373	-0.220014	
0.825970	-0.690890	0.308531	
-0.715941	-0.446726	-0.739875	
-0.806746	0.365277	0.639175	
-0.028348	-0.034654	0.348262	
-0.130968	0.195628	-0.820067	
0.644597	-0.182708	0.761489	
0.070789	0.899394	-0.276419	
0.455728	0.244764	-0.277286	
0.660808	0.720861	-0.904518	
0.467366	-0.342639	-0.586384	
0.652663	0.565212	-0.494283	
0.115932	-0.700966	-0.794543	
0.510560	-0.186798	-0.454798	
-0.671076	0.176784	-0.495953	
-0.387868	-0.529792	0.372860	
0.387462	0.420268	0.360693	
-0.892195	-0.343979	0.913664	
-0.356809	-0.412919	-0.693087	
-0.259544	-0.449078	0.920695	
-0.527630	-0.479071	0.247650	
0.510201	0.166012	-0.457083	
0.439099	-0.380564	0.415931	
-0.957547	0.401702	0.261685	
-0.758483	0.510668	-0.235546	
0.045499	0.760977	0.228221	
0.004575	-0.945914	0.324583	
0.111317	-0.329056	0.123488	
0.455989	-1.097257	-1.127886	
0.080052	0.508974	-0.421675	
0.564256	0.754389	0.546850	
-0.401129	0.017783	-0.224114	
-0.810823	-0.136634	-0.776192	
0.345502	-0.691286	0.377111	
0.341504	0.443658	0.754602	
0.501176	0.171470	-0.420977	
-0.801359	-0.467130	0.545585	
0.958869	-0.015461	-0.533521	
0.592468	0.248302	-0.260075	
-0.070381	1.021331	-0.196062	
0.893605	-0.545747	0.257447	
0.198766	-0.736418	0.865910	
-0.074188	0.260992	-0.907688	
0.315583	0.482203	-0.804202	
0.295262	-0.619386	-0.548464	
0.476106	0.938222	0.427556	
0.787557	0.083191	0.780134	
0.747599	0.149287	0.388937	
0.478940	-0.721410	0.514132	
-0.699977	-0.171521	0.263110	
0.427825	0.681094	0.789509	
-0.866351	-0.234897	0.156148	
-0.019320	-0.124914	0.507062	
0.147911	-0.288623	0.193735	
-0.291715	0.516277	-0.837905	
-0.865554	1.072099	-0.966203	
-0.198879	-0.844151	-0.268526	
-0.136205	-0.426050	-0.054685	
-0.532447	-0.498721	0.219441	
0.782445	0.760349	-0.090626	
-0.172217	-0.537877	0.927644	
0.459820	-0.246563	0.460024	
0.202068	0.325142	0.831190	
0.398887	-0.440676	-0.713358	
0.059943	0.478459	0.185485	
-0.967023	-0.013294	-0.105579	
0.911112	0.832242	0.484085	
-0.489551	-0.863023	-0.558974	
-0.073608	0.227404	-0.899103	
-0.122355	-0.771169	0.993539	
0.515712	-0.856773	-0.937768	
0.354473	0.934296	0.445903	
0.485231	-0.691358	0.356709	
0.216798	0.457864	1.017904	
-0.810181	0.871086	0.770847	
0.253248	0.790762	0.171547	
-0.701575	0.779530	0.139573	
-0.480335	-0.644218	0.268110	
0.660051	0.377703	0.738072	
-0.106378	0.955877	0.305105	
0.475551	-0.924483	0.648768	
0.509661	0.884263	0.590082	
-0.374957	-0.733109	-0.554486	
-0.379493	0.979268	0.769327	
-0.545081	-0.574798	0.775940	
-0.110232	-0.599214	0.851764	
0.501277	-0.255175	-0.278939	
0.113550	0.359318	0.931890	
0.489904	0.444487	-0.290392	
0.102297	0.895844	0.143805	
-0.348356	-0.125494	0.270376	
0.399067	-0.096411	0.297757	
-0.425886	-0.915107	-0.977559	
-0.723082	-0.077433	-0.634663	
0.314946	0.707790	-0.498860	
0.614489	0.358255	0.881223	
-0.803194	-0.470540	0.038365	
0.404366	0.405936	-0.784899	
-0.257783	-0.031643	0.924589	
-0.800060	-0.108160	-0.819054	
0.012669	-0.300630	0.603502	
0.633688	0.528595	0.204061	
-0.942229	-0.670130	1.043085	
-0.152755	0.233736	0.401367	
0.822295	0.626147	0.784973	
-0.028249	-0.089727	0.423191	
0.521782	-0.270340	0.480974	
-0.463187	-0.173248	-0.898689	
0.634987	0.531714	-0.090229	
-0.528794	-0.905588	-0.566155	
0.255083	0.528946	-0.357811	
-0.492223	-0.021113	0.514331	
0.105215	-0.255305	0.418799	
0.929188	-0.204977	-0.465857	
0.769901	0.226396	0.247137	
-0.288796	0.656675	0.705930	
0.627437	-0.158037	-0.842796	
0.262524	0.967984	0.381978	
-0.004351	-0.627556	0.139784	
-0.561415	0.782223	-0.430504	
0.970832	0.646621	-0.155044	
-0.355206	-0.210256	0.305505	
0.862984	0.807842	-0.453447	
0.515590	0.124056	0.924936	
0.817388	0.275490	-0.873836	
-0.471969	-0.423078	0.582711	
-0.490307	-0.372891	-0.241726	
0.818536	0.633321	-0.485149	
-0.407107	-0.538062	0.943053	
-0.495843	0.894681	0.662645	
-0.787411	0.108303	-0.554285	
-0.224348	-0.625194	0.552662	
0.766896	-0.417734	-0.927251	
0.509090	0.401158	0.066625	
0.087163	-0.354120	-0.837456	
-0.870997	0.585589	-0.952809	
-0.349798	-0.498560	-0.784680	
0.021946	-0.289192	0.513324	
0.192689	0.203841	0.871289	
0.323918	0.374322	0.110826	
-0.828794	-0.496625	-1.011255	
0.563197	0.952979	0.040985	
-0.403081	0.052988	-0.696322	
0.036537	-0.644519	0.075791	
-0.247916	0.045024	0.373871	
0.443464	0.428792	0.246122	
-0.719383	0.966363	0.504539	
-0.885733	-0.549207	-0.013777	
-0.731206	0.926393	-0.088189	
0.557720	0.301321	0.594043	
0.222321	0.678938	-0.420677	
0.984275	0.717011	-0.265341	
-0.658344	-0.768677	0.903375	
0.960058	0.173013	-0.797337	
-0.869386	-0.309399	-0.172196	
-0.142054	0.458890	0.601413	
0.201860	0.697175	0.028157	
0.810257	-0.593827	-0.546594	
-0.639325	-0.145665	-0.374142	
-0.613555	0.588985	0.499030	
0.713253	-0.160248	-0.085580	
0.899886	-0.914857	0.579776	
-0.410379	0.112746	-0.532483	
0.343078	-0.401116	-0.639955	
0.731061	0.026242	0.705332	
0.829390	0.169017	-0.717757	
-0.114536	0.330178	0.611046	
0.975947	0.915020	-0.040217	
-0.839200	-0.889160	0.230552	
0.731711	0.120730	0.154431	
0.161137	-0.436628	0.576063	
-0.147474	0.724529	-0.756429	
0.926818	-0.905866	-0.168539	
-0.316686	-0.223743	-0.972828	
-0.382372	-0.573538	0.582131	
-0.016900	-0.878118	0.777205	
-0.199922	0.082896	-0.147501	
0.413898	0.112980	0.150906	
0.207419	-0.638807	-0.279371	
0.558946	0.788921	0.076625	
0.605823	0.654490	0.934157	
0.528962	-0.573365	0.263797	
0.018406	0.633362	0.600983	
0.462007	0.334145	0.188494	
-0.193731	0.818810	1.015374	
0.067777	-0.502502	0.192218	
0.362155	0.252105	0.888376	
0.124676	-0.467150	0.011238	
-0.626202	0.795935	-0.676737	
-0.714710	0.418261	0.363832	
0.109325	0.363383	1.047089	
0.990163	0.237998	0.077867	
0.080095	-0.914428	0.659335	
0.786066	0.093237	-0.512173	
-0.933345	0.925601	0.679489	
-0.768142	-0.717712	0.645059	
-0.183827	0.458833	-0.867094	
-0.328435	-1.034597	-0.919885	
-0.265487	-0.924876	-0.449892	
0.156267	0.480429	-0.308190	
-0.135587	-0.768451	0.659825	
-0.185792	-0.383087	0.856039	
0.199284	0.039247	0.705822	
0.171086	-0.516054	-0.346787	
-0.523516	0.304154	0.351779	
0.320704	0.494983	-0.041147	
0.022394	-0.676985	-0.194148	
-0.077665	0.885390	0.685280	
-0.910383	-0.918922	-0.879120	
-0.226167	-0.362175	0.866410	
0.659034	0.176518	0.019931	
-0.208343	0.805350	0.002215	
-0.787221	0.787121	-0.171767	
0.508260	0.991680	-0.548897	
-0.925500	-0.149511	-0.786915	
-0.252294	-0.353607	0.865008	
-0.999243	0.843664	0.535200	
0.532156	0.649573	0.595215	
0.202595	-1.009507	-0.985950	
0.083909	0.417841	-0.717870	
-0.419446	0.437093	-0.345899	
-0.305987	0.020596	0.823342	
0.846294	0.916644	0.794787	
0.138313	0.891746	0.400332	
-0.411469	1.025368	-0.114748	
0.876423	0.224058	0.001407	
-0.673563	0.464479	-0.903739	
-0.343000	-0.079124	-0.597355	
-0.956513	-0.704270	0.005245	
-0.398426	0.711811	0.103423	
-0.288458	-1.054093	-0.832370	
-0.430698	0.105596	-0.997745	
0.607916	-0.922771	0.878589	
0.630334	-0.520161	-0.193802	
-0.098646	0.590397	0.779734	
0.824182	0.113057	0.308984	
-0.498374	0.246265	0.303679	
0.415749	0.936734	0.205128	
-0.732555	-0.307915	0.764064	
0.554442	0.479430	0.882388	
0.620018	-0.772252	-0.755254	
-0.949834	0.895814	-0.121797	
-0.591642	0.256460	-0.607124	
-0.324637	0.578025	0.347134	
0.907466	-0.694990	0.267221	
-0.631528	-0.238262	-0.876820	
-0.189287	0.610146	0.619037	
0.657507	0.393458	-0.163805	
-0.028249	0.325757	-0.821781	
-0.432504	-0.628904	-0.530431	
0.209082	-0.927245	0.948592	
-0.330618	0.907682	-0.007643	
-0.892833	0.193851	-0.154009	
-0.719180	-0.159873	-0.676406	
-0.404926	-0.469395	-0.836853	
-0.481309	0.145784	0.671870	
-0.340205	0.103234	0.803022	
0.443493	-0.932659	0.570353	
0.231293	-0.966359	-0.913905	
0.049412	0.193600	-0.133751	
-0.949339	0.344227	0.970777	
-0.158549	-0.870940	-0.346988	
0.649788	-0.799017	0.811519	
0.173239	0.417959	-0.628634	
0.215606	-0.962161	-0.503234	
0.122100	0.163561	0.211166	
0.683631	0.023086	0.247484	
0.096014	0.936194	-0.282011	
-0.892891	0.278407	-0.590000	
0.611791	0.693674	-0.569211	
0.757377	0.009190	0.145453	
0.489822	-0.925446	0.457143	
-0.076650	-0.425983	-0.152559	
0.361769	-0.857791	0.865342	
-0.936833	-0.562992	0.445506	
0.079576	-0.337585	-0.987902	
0.816301	0.406463	-0.439139	
0.597201	-0.809899	-0.493017	
-0.517723	0.151960	-0.940764	
-0.706767	0.019877	-0.260619	
-0.150478	0.725600	-0.967615	
-0.137121	-0.706968	0.437686	
-0.272953	-0.336844	-0.735715	
-0.283402	0.015967	-0.355900	
-0.251248	0.135017	0.419437	
-0.083624	-0.301985	-0.611398	
1.013679	-0.649700	-0.263896	
-0.050744	-0.600249	0.634861	
0.783497	0.427559	-0.080240	
0.409128	-0.384023	-0.011921	
-0.642115	-0.111575	-0.376645	
-0.170108	-0.918810	-0.013835	
-0.406204	-0.268121	-0.933603	
0.103595	0.721271	0.566902	
0.252847	0.093204	0.344422	
0.969308	-0.173784	0.841422	
0.383147	0.211473	0.415499	
0.809056	0.111618	-0.200812	
-0.186497	0.536566	-0.620246	
-0.440672	-0.866148	-0.258090	
-0.343306	-0.091962	-0.848345	
-0.084754	-0.013411	-0.848833	
0.578944	-0.729855	0.309604	
0.643800	-0.129896	-0.526810	
0.709628	0.527754	-0.331321	
-0.841337	-0.881734	-0.550196	
0.018116	-0.126939	0.190825	
0.012157	0.813383	-0.193433	
-0.561833	0.166863	0.855906	
0.062362	0.249030	-0.576992	
0.258380	-0.079950	0.616431	
-0.383853	0.205516	0.093244	
0.393141	0.939648	-0.764731	
-0.444003	-0.810499	-0.892551	
-0.202112	-0.700602	-0.619299	
0.229392	-0.956954	0.812460	
0.546935	0.722788	-0.338976	
-0.011563	0.158946	-0.172445	
0.556513	-0.734629	-0.572490	
0.089218	-0.370859	0.387224	
-0.117991	0.529472	-0.052016	
-0.885178	0.047951	0.901062	
-0.106203	0.312583	-0.556461	
-0.473844	0.575127	1.013622	
-0.174287	-0.661762	-0.713220	
0.690516	-0.106107	0.298495	
-0.981047	-0.287869	-0.636457	
0.997537	0.981321	-0.031843	
0.701585	-0.856107	0.093675	
0.738427	0.361915	-0.214114	
0.186381	0.515498	0.453072	
-0.405660	0.795601	0.298898	
-0.131826	0.300979	0.742526	
0.093463	-0.771700	-0.702453	
-0.309087	0.313662	0.863693	
-0.289330	-0.160704	0.248243	
-0.954628	-0.613537	0.006526	
0.838557	0.636055	-0.613972	
0.553239	0.281439	-0.429056	
-0.553310	-0.510498	0.054844	
0.509412	0.653065	-0.925591	
0.523459	0.923822	-0.690942	
-1.022499	0.693478	0.333585	
-0.255462	-0.161104	0.572959	
-0.813628	0.876616	-0.282323	
0.713060	0.563512	0.484586	
-0.610325	0.245834	0.525619	
0.287453	0.478004	-0.012468	
-0.204658	0.468174	0.007400	
0.465125	-0.346643	0.230859	
0.783036	-0.160419	0.580183	
0.871678	-0.047010	0.761820	
0.139239	0.336144	0.876496	
0.545631	-0.012532	0.023626	
-0.922189	0.323659	-0.121759	
0.633242	-0.449551	0.168909	
0.132544	-0.013703	0.897612	
0.446437	-0.244677	-0.285749	
0.327656	-0.597329	0.549587	
-0.603358	-0.359999	0.045167	
-0.760881	-0.992192	-0.334949	
-0.503772	-0.246657	-0.011984	
0.811349	0.545754	-0.162265	
-0.204437	0.515249	0.290567	
-0.259233	-0.886791	-0.657694	
-0.610229	-0.735653	-0.720316	
-0.216996	-0.876720	0.593154	
0.624850	-0.029250	0.056847	
-0.784344	0.702996	-0.619838	
0.021137	0.819248	0.554358	
0.733114	0.103960	0.091465	
-0.486813	-0.139101	0.465243	
-0.844991	0.118919	-0.908965	
-0.904545	-0.639913	0.294612	
-0.593689	0.888445	0.673792	
-0.141291	0.050335	-0.327228	
0.667986	-0.512361	-0.825616	
0.550939	-0.677501	0.733775	
-0.686610	0.020216	0.710101	
-0.049066	-0.486690	-0.882883	
-0.759202	-0.279698	-0.821592	
0.911027	1.003480	-0.639251	
0.692769	-0.884039	0.595758	
-0.732731	0.651921	0.980791	
-0.903631	-1.010689	-0.585016	
0.254564	0.394041	0.380447	
-0.177270	0.437582	0.535351	
-0.180709	-0.352370	-0.013426	
0.298282	-0.685930	0.223865	
0.833996	-0.573016	0.637911	
0.143816	0.618708	0.080134	
-0.634722	-0.118811	0.693058	
0.342559	0.363833	-0.654271	
0.308028	-0.006607	-0.333292	
0.262429	0.603080	0.945251	
0.820301	-0.092073	0.481315	
0.587373	-0.298739	-0.302861	
0.649998	-0.931866	-0.685499	
-0.359202	-0.395322	-0.383865	
0.351414	0.824723	0.425215	
-0.025081	-0.215773	0.652506	
-0.850391	0.560469	0.982391	
0.000000	0.000000	0.000000	0.000000	0.000000	0.000000	0.000000	0.000000	0.000000	0.000000	0.000000	0.000000	0.000000	0.000000	0.000000	0.000000	0.000000	0.000000	0.000000	0.000000	0.000000	0.000000	0.000000	0.000000	0.000000	0.000000	0.000000	0.000000	0.000000	0.000000	0.000000	0.000000	0.000000	0.000000	0.000000	0.000000	0.000000	0.000000	0.000000	0.000000	0.000000	0.000000	0.000000	0.000000	0.000000	0.000000	0.000000	0.000000	0.000000	0.000000	0.000000	0.000000	0.000000	0.000000	0.000000	0.000000	0.000000	0.000000	0.000000	0.000000	0.000000	0.000000	0.000000	0.000000	0.000000	0.000000	0.000000	0.000000	0.000000	0.000000	0.000000	0.000000	0.000000	0.000000	0.000000	0.000000	0.000000	0.000000	0.000000	0.000000	0.000000	0.000000	0.000000	0.000000	0.000000	0.000000	0.000000	0.000000	0.000000	0.000000	0.000000	0.000000	0.000000	0.000000	0.000000	0.000000	0.000000	0.000000	0.000000	0.000000	0.000000	0.000000	0.000000	0.000000	0.000000	0.000000	0.000000	0.000000	0.000000	0.000000	0.000000	0.000000	0.000000	0.000000	0.000000	0.000000	0.000000	0.000000	0.000000	0.000000	0.000000	0.000000	0.000000	0.000000	0.000000	0.000000	0.000000	0.000000	0.000000	0.000000	0.000000	0.000000	0.000000	0.000000	0.000000	0.000000	0.000000	0.000000	0.000000	0.000000	0.000000	0.000000	0.000000	0.000000	0.000000	0.000000	0.000000	0.000000	0.000000	0.000000	0.000000	0.000000	0.000000	0.000000	0.000000	0.000000	0.000000	0.000000	0.000000	0.000000	0.000000	0.000000	0.000000	0.000000	0.000000	0.000000	0.000000	0.000000	0.000000	0.000000	0.000000	0.000000	0.000000	0.000000	0.000000	0.000000	0.000000	0.000000	0.000000	0.000000	0.000000	0.000000	0.000000	0.000000	0.000000	0.000000	0.000000	0.000000	0.000000	0.000000	0.000000	0.000000	0.000000	0.000000	0.000000	0.000000	0.000000	0.000000	0.000000	0.000000	0.000000	0.000000	0.000000	0.000000	0.000000	0.000000	0.000000	0.000000	0.000000	0.000000	0.000000	0.000000	0.000000	0.000000	0.000000	0.000000	0.000000	0.000000	0.000000	0.000000	0.000000	0.000000	0.000000	0.000000	0.000000	0.000000	0.000000	0.000000	0.000000	0.000000	0.000000	0.000000	0.000000	0.000000	0.000000	0.000000	0.000000	0.000000	0.000000	0.000000	0.000000	0.000000	0.000000	0.000000	0.000000	0.000000	0.000000	0.000000	0.000000	0.000000	0.000000	0.000000	0.000000	0.000000	0.000000	0.000000	0.000000	0.000000	0.000000	0.000000	0.000000	0.000000	0.000000	0.000000	0.000000	0.000000	0.000000	0.000000	0.000000	0.000000	0.000000	0.000000	0.000000	0.000000	0.000000	0.000000	0.000000	0.000000	0.000000	0.000000	0.000000	0.000000	0.000000	0.000000	0.000000	0.000000	0.000000	0.000000	0.000000	0.000000	0.000000	0.000000	0.000000	0.000000	0.000000	0.000000	0.000000	0.000000	0.000000	0.000000	0.000000	0.000000	0.000000	0.000000	0.000000	0.000000	0.000000	0.000000	0.000000	0.000000	0.000000	0.000000	0.000000	0.000000	0.000000	0.000000	0.000000	0.000000	0.000000	0.000000	0.000000	0.000000	0.000000	0.000000	0.000000	0.000000	0.000000	0.000000	0.000000	0.000000	0.000000	0.000000	0.000000	0.000000	0.000000	0.000000	0.000000	0.000000	0.000000	0.000000	0.000000	0.000000	0.000000	0.000000	0.000000	0.000000	0.000000	0.000000	0.000000	0.000000	0.000000	0.000000	0.000000	0.000000	0.000000	0.000000	0.000000	0.000000	0.000000	0.000000	0.000000	0.000000	0.000000	0.000000	0.000000	0.000000	0.000000	0.000000	0.000000	0.000000	0.000000	0.000000	0.000000	0.000000	0.000000	0.000000	0.000000	0.000000	0.000000	0.000000	0.000000	0.000000	0.000000	0.000000	0.000000	0.000000	0.000000	0.000000	0.000000	0.000000	0.000000	0.000000	0.000000	0.000000	0.000000	0.000000	0.000000	0.000000	0.000000	0.000000	0.000000	0.000000	0.000000	0.000000	0.000000	0.000000	0.000000	0.000000	0.000000	0.000000	0.000000	0.000000	0.000000	0.000000	0.000000	0.000000	0.000000	0.000000	0.000000	0.000000	0.000000	0.000000	0.000000	0.000000	0.000000	0.000000	0.000000	0.000000	0.000000	0.000000	0.000000	0.000000	0.000000	0.000000	0.000000	0.000000	0.000000	0.000000	0.000000	0.000000	0.000000	0.000000	0.000000	0.000000	0.000000	0.000000	0.000000	0.000000	0.000000	0.000000	0.000000	0.000000	0.000000	0.000000	0.000000	0.000000	0.000000	0.000000	0.000000	0.000000	0.000000	0.000000	0.000000	0.000000	0.000000	0.000000	0.000000	0.000000	0.000000	0.000000	0.000000	0.000000	0.000000	0.000000	0.000000	0.000000	0.000000	0.000000	0.000000	0.000000	0.000000	0.000000	0.000000	0.000000	0.000000	0.000000	0.000000	0.000000	0.000000	0.000000	0.000000	0.000000	0.000000	0.000000	0.000000	0.000000	0.000000	0.000000	0.000000	0.000000	0.000000	0.000000	0.000000	0.000000	0.000000	0.000000	0.000000	0.000000	0.000000	0.000000	0.000000	0.000000	0.000000	0.000000	0.000000	0.000000	0.000000	0.000000	0.000000	0.000000	0.000000	0.000000	0.000000	0.000000	0.000000	0.000000	0.000000	0.000000	0.000000	0.000000	0.000000	0.000000	0.000000	0.000000	0.000000	0.000000	0.000000	0.000000	0.000000	0.000000	0.000000	0.000000	0.000000	0.000000	0.000000	0.000000	0.000000	0.000000	0.000000	0.000000	0.000000	0.000000	0.000000	0.000000	0.000000	0.000000	0.000000	0.000000	0.000000	0.000000	0.000000	0.000000	0.000000	0.000000	0.000000	0.000000	0.000000	0.000000	0.000000	0.000000	0.000000	0.000000	0.000000	0.000000	0.000000	0.000000	0.000000	0.000000	0.000000	0.000000	0.000000	0.000000	0.000000	0.000000	0.000000	0.000000	0.000000	0.000000	0.000000	0.000000	0.000000	0.000000	0.000000	0.000000	0.000000	0.000000	0.000000	0.000000	0.000000	0.000000	0.000000	0.000000	0.000000	0.000000	0.000000	0.000000	0.000000	0.000000	0.000000	0.000000	0.000000	0.000000	0.000000	0.000000	0.000000	0.000000	0.000000	0.000000	0.000000	0.000000	0.000000	0.000000	0.000000	0.000000	0.000000	0.000000	0.000000	0.000000	0.000000	0.000000	0.000000	0.000000	0.000000	0.000000	0.000000	0.000000	0.000000	0.000000	0.000000	0.000000	0.000000	0.000000	0.000000	0.000000	0.000000	0.000000	0.000000	0.000000	0.000000	0.000000	0.000000	0.000000	0.000000	0.000000	0.000000	0.000000	0.000000	0.000000	0.000000	0.000000	0.000000	0.000000	0.000000	0.000000	0.000000	0.000000	0.000000	0.000000	0.000000	0.000000	0.000000	0.000000	0.000000	0.000000	0.000000	0.000000	0.000000	0.000000	0.000000	0.000000	0.000000	0.000000	0.000000	0.000000	0.000000	0.000000	0.000000	0.000000	0.000000	0.000000	0.000000	0.000000	0.000000	0.000000	0.000000	0.000000	0.000000	0.000000	0.000000	0.000000	0.000000	0.000000	0.000000	0.000000	0.000000	0.000000	0.000000	0.000000	0.000000	0.000000	0.000000	0.000000	0.000000	0.000000	0.000000	0.000000	0.000000	0.000000	0.000000	0.000000	0.000000	0.000000	0.000000	0.000000	0.000000	0.000000	0.000000	0.000000	0.000000	0.000000	0.000000	0.000000	0.000000	0.000000	0.000000	0.000000	0.000000	0.000000	0.000000	0.000000	0.000000	0.000000	0.000000	0.000000	0.000000	0.000000	0.000000	0.000000	0.000000	0.000000	0.000000	0.000000	0.000000	0.000000	0.000000	0.000000	0.000000	0.000000	0.000000	0.000000	0.000000	0.000000	0.000000	0.000000	0.000000	0.000000	0.000000	0.000000	0.000000	0.000000	0.000000	0.000000	0.000000	0.000000	0.000000	0.000000	0.000000	0.000000	0.000000	0.000000	0.000000	0.000000	0.000000	0.000000	0.000000	0.000000	0.000000	0.000000	0.000000	0.000000	0.000000	0.000000	0.000000	0.000000	0.000000	0.000000	0.000000	0.000000	0.000000	0.000000	0.000000	0.000000	0.000000	0.000000	0.000000	0.000000	0.000000	0.000000	0.000000	0.000000	0.000000	0.000000	0.000000	0.000000	0.000000	0.000000	0.000000	0.000000	0.000000	0.000000	0.000000	0.000000	0.000000	0.000000	0.000000	0.000000	0.000000	0.000000	0.000000	0.000000	0.000000	0.000000	0.000000	0.000000	0.000000	0.000000	0.000000	0.000000	0.000000	0.000000	0.000000	0.000000	0.000000	0.000000	0.000000	0.000000	0.000000	0.000000	0.000000	0.000000	0.000000	0.000000	0.000000	0.000000	0.000000	0.000000	0.000000	0.000000	0.000000	0.000000	0.000000	0.000000	0.000000	0.000000	0.000000	0.000000	0.000000	0.000000	0.000000	0.000000	0.000000	0.000000	0.000000	0.000000	0.000000	0.000000	0.000000	0.000000	0.000000	0.000000	0.000000	0.000000	0.000000	0.000000	0.000000	0.000000	0.000000	0.000000	0.000000	0.000000	0.000000	0.000000	0.000000	0.000000	0.000000	0.000000	0.000000	0.000000	0.000000	0.000000	0.000000	0.000000	0.000000	0.000000	0.000000	0.000000	0.000000	0.000000	0.000000	0.000000	0.000000	0.000000	0.000000	0.000000	0.000000	0.000000	0.000000	0.000000	0.000000	0.000000	0.000000	0.000000	0.000000	0.000000	0.000000	0.000000	0.000000	0.000000	0.000000	0.000000	0.000000	0.000000	0.000000	0.000000	0.000000	0.000000	0.000000	0.000000	0.000000	0.000000	0.000000	0.000000	0.000000	0.000000	0.000000	0.000000	0.000000	0.000000	0.000000	0.000000	0.000000	0.000000	0.000000	0.000000	0.000000	0.000000	0.000000	0.000000	0.000000	0.000000	0.000000	0.000000	0.000000	0.000000	0.000000	0.000000	0.000000	0.000000	0.000000	0.000000	0.000000	0.000000	0.000000	0.000000	0.000000	0.000000	0.000000	0.000000	0.000000	0.000000	0.000000	0.000000	0.000000	0.000000	0.000000	0.000000	0.000000	0.000000	0.000000	0.000000	0.000000	0.000000	0.000000	0.000000	0.000000	0.000000	0.000000	0.000000	0.000000	0.000000	0.000000	
0.372011	-0.882758	-0.460829	0.451389	0.936212	-0.613008	-0.340975	-0.843272	-0.690130	-0.615974	-0.104940	0.888939	0.036060	0.413884	-0.492904	0.166302	-0.212702	0.448410	-0.717551	0.545996	0.993137	0.084308	-0.189947	-0.864989	0.159976	0.303918	0.027782	0.343847	0.138724	-0.396505	-0.194768	-0.586878	-0.869543	-0.662619	-0.438914	-0.784320	0.270936	0.385676	0.334802	0.253675	0.632138	-1.008595	0.595197	0.273201	1.001658	-0.656253	-0.560178	0.725559	0.957821	0.149780	-0.474656	0.805417	-0.599473	0.724999	-0.640150	-0.067035	-0.094299	-0.215388	0.591720	-0.148613	-0.442338	-0.252481	-0.524270	0.121456	-0.642813	0.215279	0.561660	0.727526	0.088366	-0.175905	0.712238	0.761914	-0.943230	0.328734	0.642488	0.319309	-0.566659	-0.747708	-0.917374	-0.063861	0.706215	-0.863289	-0.140988	0.710599	0.410358	-0.845450	-0.411234	0.040127	0.705949	-0.605700	0.234553	-0.747039	-0.407324	-0.005443	-0.659070	0.262361	-0.874416	-0.070609	0.159283	-0.786310	0.738245	0.824636	-0.033521	-0.310360	0.691691	-0.313267	-0.781295	0.294231	0.260809	0.646417	-0.336455	0.868631	-0.378763	0.462243	-0.446463	-0.605976	-0.455739	-0.039900	-0.097350	-0.447173	-0.012399	-0.514153	0.756061	-0.107915	-0.817534	0.760635	-0.202627	-0.376496	-0.582599	0.534912	0.893350	0.526507	0.488455	1.024170	-0.085850	0.774942	0.123896	-0.742574	0.730472	-0.640483	-0.218238	0.495822	0.415829	0.113622	0.931440	-1.023105	0.894737	0.207589	-0.126162	-0.222820	-0.313029	0.133809	0.255736	-0.174106	-0.921055	-0.756529	0.143070	-0.595501	-0.719462	-0.882851	-0.323347	-0.580843	-0.893313	0.798954	-0.406589	0.472853	0.064444	-0.919063	-0.627307	0.724737	0.644890	-0.736507	0.486583	0.435145	-0.848172	-0.857260	0.715861	0.757952	-0.347677	-0.039147	0.515644	0.542217	-0.763680	0.393567	-0.005978	-0.152999	-0.637071	0.658324	-0.733986	0.090829	0.503088	0.717236	0.656269	-0.456633	0.071815	0.321765	-0.283655	0.101886	0.867453	0.449405	0.777450	0.921695	0.346904	-0.982698	0.183191	0.653311	-0.369184	0.508326	0.033954	-0.182209	-0.991025	0.120841	0.210358	-0.037337	0.841082	-0.449286	-0.535334	0.485680	-0.266294	-0.258070	0.053122	0.973657	0.839443	-0.658877	-0.558062	-0.419552	0.749672	-0.808185	0.880420	-0.464853	0.864360	0.058869	-0.520211	0.846119	-0.135210	0.430775	-0.961840	-0.063062	0.436923	-0.479903	0.377062	-0.631107	-0.773951	-0.190661	-0.750170	0.846957	0.971351	0.630904	-0.631370	0.126042	0.811250	-0.247317	0.776996	-0.809058	-0.427550	-0.398715	0.372776	-0.408004	0.945322	0.036628	0.187841	0.085282	0.311780	0.197084	-0.370869	0.648987	1.041951	-0.810527	0.762290	-0.697978	-0.068376	-0.728565	0.231777	0.434455	0.344562	0.591796	0.777094	0.279783	0.773895	0.940678	0.823397	-0.910614	-0.935257	0.868134	0.632021	0.428758	0.511772	0.115904	0.203817	-0.631596	0.236387	0.931021	-0.519371	0.673393	0.828569	-0.215086	0.054509	0.445807	0.638475	0.646374	0.708001	-1.002343	-0.749385	-0.849889	-0.837890	-0.748865	0.921592	-0.253270	0.410559	0.019827	-0.667170	-0.752319	0.451279	0.670026	0.036136	0.108403	-0.498314	0.652244	-0.226643	-0.536171	0.550142	0.294470	-0.769019	0.570689	-0.411172	0.053685	-0.288097	-0.795619	0.419391	-0.653733	1.074850	0.717309	0.430641	-0.643915	-0.516595	0.201255	-0.848309	0.175452	-0.311997	0.682426	0.599192	0.472327	0.227939	-0.243885	-0.892157	0.421011	0.569388	-0.283147	0.384265	0.549302	-0.347156	0.803227	0.300546	-0.968036	-0.108647	-0.806325	-0.389782	0.213396	0.611989	-0.084167	-0.748095	0.374864	-0.361847	-0.966232	-0.764578	-0.887905	0.156351	0.152712	-0.642708	0.534971	-0.145281	-0.830476	-0.920380	0.348069	-0.582925	0.776214	0.962142	0.831752	-0.923821	-0.887543	0.566784	-0.540727	-0.929205	0.810827	0.630965	-0.095318	-0.216903	-0.341062	0.260463	0.685579	-0.330311	0.218961	0.070812	0.173694	-0.382276	-0.419281	-0.269287	-0.082597	-0.616465	-0.317698	-0.701549	-0.096376	-0.929803	0.660612	-0.456592	-0.753655	-0.855769	0.508110	0.425960	0.330124	0.981317	0.672572	0.755170	-0.826588	0.780754	0.613734	-0.339237	-0.990786	-0.979578	0.468786	0.253356	0.709691	1.021475	-0.440184	0.812846	0.608455	-0.970798	0.235433	-0.865723	0.076250	-0.968476	-0.867720	-0.224076	0.593038	-0.882032	0.767339	-0.662190	-0.863062	-0.262777	-0.119866	-0.441684	0.719151	-0.873113	-0.149927	-0.404921	0.194190	0.475430	0.727394	0.531804	0.022126	-0.032383	0.164534	-0.163646	-0.727039	-0.562376	0.452259	0.391534	-0.319814	-0.703347	1.011486	-0.398831	0.248479	-0.235167	-0.558026	-0.140727	-0.738038	-0.432533	-0.725621	0.107532	0.416526	0.156177	-1.004279	0.067155	-0.373971	-0.271880	0.855119	-0.283358	-0.467870	-0.592020	0.872546	-0.879431	-0.343970	-0.438663	-0.162701	-0.796399	0.659498	-0.048522	0.549364	0.753616	0.435498	-0.577932	-0.251556	-0.146007	-0.727998	0.282778	0.584603	0.177793	-0.402359	-0.507340	0.055926	0.780464	0.496421	-0.722373	-0.998008	-0.470894	-0.219184	0.194626	-0.330643	-0.493001	0.237951	-0.194949	-0.377120	-0.167049	0.847997	0.696274	0.091177	0.623110	0.622527	-0.244744	0.334444	0.150218	-0.321654	-0.422260	0.589149	0.121447	-0.622915	-0.073538	-0.378947	-0.422657	1.003002	-0.851147	0.909890	0.201375	0.716060	-1.096972	0.005865	-0.144678	0.116508	-0.631750	0.475028	-1.037798	0.871315	-0.221947	0.637775	0.285995	-0.375363	-0.879733	-0.241047	-0.220490	0.602289	0.459108	-0.190580	0.392658	-0.197512	0.876802	-0.312129	0.355417	0.589819	-0.204963	-0.907988	-0.149313	0.566737	-0.184371	-0.334757	-0.748988	-0.383283	0.696615	-0.864603	-0.193772	0.350195	-0.533547	-0.494101	0.285897	-0.025658	-0.011804	0.729791	0.369454	-0.084801	-0.199308	-0.037754	0.304737	-0.003179	0.112783	-0.800492	-0.774822	0.717929	0.237920	-0.556907	0.369222	0.093023	-0.282925	0.108587	-0.426236	0.702635	0.645046	0.349094	0.533793	-0.049552	0.681482	-0.992330	0.922169	0.445854	-0.230122	0.911760	-0.964170	0.684482	-0.796039	-0.421580	-0.541870	-1.037959	-0.523484	-0.482132	-0.280334	0.864574	0.794778	1.023146	0.180127	-0.291948	-0.052474	-0.028933	0.016979	-0.715364	0.033112	0.962920	0.497705	-0.313859	-0.476159	-1.079913	0.335701	1.010988	-0.852617	0.635686	-0.283364	-0.208813	0.953997	1.008191	0.782773	0.726069	0.814262	0.154786	-0.567096	-0.285434	-0.113984	-0.243981	-0.547505	-0.069443	-0.878040	-0.401316	0.577935	0.243767	-0.835898	-0.374364	0.658776	0.199261	0.855861	-0.938584	0.521719	-0.845606	0.112447	-0.061067	0.855985	0.706025	0.779478	0.723921	-0.611663	0.826719	-0.862743	0.125797	-0.971852	0.340763	0.316542	0.424395	0.985277	0.665236	0.233111	-0.233983	0.187289	0.359845	-0.070676	-0.815807	-0.586412	0.242382	0.794588	0.803071	-0.371881	-0.634664	0.795714	-0.890852	-0.874696	0.306333	-0.935373	-1.123579	0.102104	-0.462825	0.881514	0.486885	-0.099463	0.091366	-0.167271	0.811915	0.902834	0.892479	-0.633124	-0.494147	-0.684148	-0.417481	0.663607	0.476881	-0.893187	-0.155688	0.227505	0.786359	-0.292398	0.609454	0.558452	-0.115672	0.096014	0.070172	0.927418	0.401644	-0.170006	-0.078978	0.561485	0.574177	-0.032641	0.651233	0.302392	0.716040	0.323360	-0.458490	-0.454444	-0.591759	-0.598324	-0.865873	0.303432	-1.011406	0.988495	0.394404	-0.647577	-0.741030	-0.833686	0.850959	-0.380958	0.400781	0.207009	0.669835	-0.141011	-0.322800	0.767019	0.039762	0.548571	-0.345285	-0.457544	0.429951	-0.050807	-0.947675	-0.116250	-0.302821	-0.899196	0.831458	-0.146308	0.728982	0.165014	0.715056	-0.666477	-0.294898	-0.520263	0.588921	-0.908952	-0.039013	-0.969771	-0.364793	0.347026	0.330085	-0.034285	-0.844680	-0.334042	-0.426132	-0.406269	0.524933	0.487750	-0.407540	-0.618769	0.522028	-0.163949	-0.164905	-0.174726	0.580642	-0.420842	0.896437	0.881217	-0.357764	-0.490643	0.789190	-0.726978	-0.893487	-0.674697	0.599852	-0.301310	0.172552	-0.488391	-0.759306	0.098425	0.907954	-0.476590	-0.432717	-0.590575	-0.810497	0.094909	0.571073	-0.536962	1.009028	-0.064486	-0.697987	-0.792404	-0.497102	1.058892	-0.807473	0.464584	-0.369746	0.043802	0.827586	0.195209	0.915785	0.329417	0.123088	-0.875899	-0.667565	0.248850	-0.603406	0.031404	-1.016864	0.936493	0.395378	0.470015	0.378420	0.554596	0.854153	0.042920	0.028141	0.189491	-0.187629	0.791117	-0.060453	-0.678652	1.057401	0.305403	0.566134	0.010676	0.254226	-0.861457	0.735936	0.343114	0.626393	-0.670904	-0.700924	0.347647	-1.078860	-0.087601	0.270485	-0.331475	-0.189060	-0.068071	-0.563631	-0.878905	-0.889003	0.922715	-0.360888	-0.655437	0.505525	0.673997	-0.110793	-0.711722	-0.648951	0.015214	0.242884	0.870711	0.393174	-0.746692	0.658499	-0.832655	-0.878589	0.302086	0.452674	-0.480545	0.700005	-0.702695	0.688798	0.648461	-0.626734	0.672219	0.407994	0.331719	-0.048899	-0.937680	-0.932833	0.194401	-0.983769	-0.269520	0.220572	-0.130859	-0.211924	0.615837	0.094712	-0.104572	0.663049	-0.569064	0.676472	0.674495	0.189714	0.923654	-0.492884	0.828209	0.103542	0.122656	-0.693055	0.249475	-0.885545	-0.663767	0.119359	0.927645	0.388566	0.269442	-1.054616	-0.461040	0.496181	-0.551432	-0.113349	-0.512356	1.016233	0.844550	-0.010806	-0.397680	0.584630	-0.928295	-0.902855	-0.779424	0.903652	-0.207020	-0.060129	0.326721	-0.582073	0.455078	0.281617	-0.810178	-0.848766	-0.091771	0.061580	0.892483	-0.932413	0.920907	-0.454720	-0.444969	0.963069	0.038707	0.839682	-0.668355	-0.901274	-0.654033	-0.288234	0.920130	-0.492688	0.815400	0.151602	0.076294	0.839880	-0.376224	0.527020	-0.827556	0.761758	-0.115323	-0.720095	-0.403993	-0.212350	-0.681299	0.669466	-0.084696	-0.774179	-0.027337	-0.717760	-0.170906	-0.140720	-0.070769	-0.271051	0.098530	-0.435439	-0.417077	0.744519	-0.819523	-0.355854	-0.442966	-0.871575	-0.657104	0.816620	0.020606	-0.921038	0.438588	-0.399384	0.397573	0.782582	0.229541	
